Cell	X	Y	Z	BMP
cell_6637	2.75E+00	1.97E+00	8.49E+00	1
cell_6178	-1.20E+00	2.50E+00	8.49E+00	1
cell_6236	-2.08E+00	3.03E+00	8.49E+00	1
cell_6733	1.39E+00	7.29E-01	8.49E+00	1
cell_6966	1.85E+00	-9.40E-01	8.49E+00	1
cell_6808	2.22E+00	-8.32E-01	8.49E+00	1
cell_6476	2.90E+00	1.52E+00	8.48E+00	1
cell_5737	-9.90E-01	3.68E+00	8.46E+00	1
cell_7096	-1.16E+00	3.76E+00	8.46E+00	1
cell_5840	9.58E-01	1.77E+00	8.46E+00	0.90526316
cell_6566	5.33E-01	2.96E+00	8.45E+00	0.90526316
cell_7285	3.90E+00	-1.67E-02	8.44E+00	0.90526316
cell_5842	3.08E+00	1.77E+00	8.43E+00	0.90526316
cell_6387	3.51E+00	-2.25E-01	8.43E+00	0.90526316
cell_5750	-1.99E+00	2.06E+00	8.42E+00	0.90526316
cell_7139	3.19E+00	1.92E+00	8.42E+00	0.90526316
cell_5550	2.85E+00	-2.44E+00	8.42E+00	0.90526316
cell_5618	-6.59E-01	2.81E+00	8.42E+00	0.90526316
cell_5920	3.72E+00	3.62E-01	8.41E+00	0.90526316
cell_6586	1.93E+00	2.57E+00	8.41E+00	0.90526316
cell_5659	-2.43E-01	2.78E+00	8.40E+00	0.90526316
cell_6021	6.29E-01	3.00E+00	8.40E+00	0.90526316
cell_6445	1.61E+00	-3.43E-01	8.39E+00	0.90526316
cell_6939	3.70E+00	-1.43E-01	8.36E+00	0.90526316
cell_5456	3.07E+00	2.50E+00	8.36E+00	0.90526316
cell_5488	-1.23E+00	1.56E+00	8.35E+00	0.90526316
cell_5588	6.07E-01	3.50E+00	8.35E+00	0.90526316
cell_5655	2.73E+00	2.71E+00	8.35E+00	0.701754387
cell_6066	2.57E+00	-2.01E-01	8.34E+00	0.701754387
cell_6072	4.14E-01	2.81E-01	8.34E+00	0.701754387
cell_6086	1.16E+00	1.79E+00	8.34E+00	0.701754387
cell_6245	-2.32E+00	3.52E+00	8.33E+00	0.701754387
cell_6334	1.82E+00	2.80E+00	8.33E+00	0.701754387
cell_6615	-1.83E+00	2.34E+00	8.32E+00	0.701754387
cell_6930	1.60E+00	2.75E+00	8.31E+00	0.701754387
cell_7007	3.51E+00	1.72E+00	8.30E+00	0.701754387
cell_7105	1.82E+00	-1.43E+00	8.30E+00	0.701754387
cell_7134	-2.57E+00	2.93E+00	8.30E+00	0.701754387
cell_7320	-1.37E+00	3.81E+00	8.30E+00	0.701754387
cell_7492	3.05E+00	2.51E+00	8.30E+00	0.701754387
cell_7504	1.90E+00	1.28E+00	8.28E+00	0.701754387
cell_6441	3.37E+00	7.03E-01	8.28E+00	0.701754387
cell_7043	2.93E-01	2.92E+00	8.27E+00	0.701754387
cell_5633	3.71E+00	8.88E-01	8.27E+00	0.701754387
cell_6616	4.01E+00	-1.15E+00	8.27E+00	0.701754387
cell_6753	-1.16E+00	3.37E+00	8.26E+00	0.554385967
cell_7204	-1.85E+00	3.02E+00	8.26E+00	0.554385967
cell_7377	1.19E+00	-4.63E-01	8.25E+00	0.554385967
cell_7527	3.92E+00	-7.94E-01	8.24E+00	0.554385967
cell_7550	6.59E-01	2.78E+00	8.23E+00	0.554385967
cell_7576	1.14E+00	1.31E+00	8.23E+00	0.554385967
cell_5694	1.90E+00	6.56E-02	8.22E+00	0.554385967
cell_6026	-1.54E+00	3.29E+00	8.22E+00	0.554385967
cell_6546	1.05E+00	3.48E+00	8.22E+00	0.554385967
cell_7264	-1.26E-02	1.05E+00	8.21E+00	0.554385967
cell_5667	2.74E+00	-8.68E-01	8.21E+00	0.554385967
cell_7438	7.08E-01	5.95E-01	8.21E+00	0.554385967
cell_6035	2.94E+00	5.16E-01	8.21E+00	0.554385967
cell_6046	1.57E+00	-1.33E+00	8.20E+00	0.554385967
cell_6341	3.97E-01	1.86E-01	8.20E+00	0.554385967
cell_6594	1.44E+00	-9.27E-01	8.19E+00	0.554385967
cell_5540	-2.92E+00	2.96E+00	8.19E+00	0.554385967
cell_5787	3.89E-02	2.14E+00	8.19E+00	0.554385967
cell_5857	-1.76E+00	3.66E+00	8.18E+00	0.350877193
cell_5860	1.05E+00	2.77E+00	8.16E+00	0.350877193
cell_5933	3.58E+00	9.53E-01	8.14E+00	0.350877193
cell_6221	2.28E+00	4.26E-01	8.13E+00	0.350877193
cell_6274	7.62E-01	2.63E+00	8.12E+00	0.350877193
cell_6291	3.93E+00	-3.84E-01	8.11E+00	0.350877193
cell_6317	4.95E-01	1.51E+00	8.11E+00	0.350877193
cell_6349	7.76E-01	-6.06E-01	8.10E+00	0.350877193
cell_6474	6.69E-01	9.97E-01	8.09E+00	0.350877193
cell_6499	7.63E-01	1.80E+00	8.08E+00	0.350877193
cell_6673	-1.96E-01	4.10E+00	8.07E+00	0.350877193
cell_7106	2.98E+00	-2.62E+00	8.07E+00	0.350877193
cell_7260	3.65E+00	1.74E+00	8.06E+00	0.350877193
cell_7308	2.73E+00	-1.80E+00	8.05E+00	0.350877193
cell_7502	1.52E-01	2.32E+00	8.05E+00	0.350877193
cell_7528	2.78E+00	1.52E+00	8.05E+00	0.350877193
cell_5486	-2.33E+00	2.83E+00	8.04E+00	0.350877193
cell_5797	3.30E+00	-6.45E-01	8.04E+00	0.350877193
cell_6033	3.87E+00	-3.28E-01	8.03E+00	0.350877193
cell_6112	-2.32E-01	2.43E+00	8.03E+00	0.350877193
cell_6514	2.44E+00	1.82E+00	8.03E+00	0.350877193
cell_7009	1.13E+00	3.88E+00	8.02E+00	0.350877193
cell_7076	3.71E+00	1.85E+00	8.01E+00	0.350877193
cell_7157	2.96E+00	-1.91E+00	8.01E+00	0.350877193
cell_7282	1.65E+00	-1.24E+00	8.00E+00	0.350877193
cell_7393	-2.65E+00	2.67E+00	7.99E+00	0.350877193
cell_6137	2.79E+00	1.99E+00	7.98E+00	0.350877193
cell_6270	2.20E+00	-1.64E+00	7.98E+00	0.350877193
cell_6599	-4.98E-01	1.82E+00	7.97E+00	0.350877193
cell_5654	2.86E+00	-2.68E-01	7.97E+00	0.350877193
cell_5593	2.77E+00	2.16E-01	7.97E+00	0.350877193
cell_6995	4.11E+00	-1.02E+00	7.97E+00	0.350877193
cell_6019	3.91E+00	-1.18E+00	7.95E+00	0.350877193
cell_6449	1.72E+00	3.33E+00	7.94E+00	0.350877193
cell_6486	3.79E+00	-1.52E+00	7.94E+00	0.350877193
cell_6502	-2.06E+00	2.11E+00	7.94E+00	0.350877193
cell_7430	-2.36E+00	2.49E+00	7.93E+00	0.350877193
cell_7280	3.89E+00	-1.42E+00	7.93E+00	0.350877193
cell_7388	1.77E+00	-1.22E+00	7.93E+00	0.350877193
cell_5664	3.85E+00	1.40E-01	7.92E+00	0.250013
cell_6357	3.38E+00	-2.54E+00	7.92E+00	0.250013
cell_6771	3.52E+00	-2.18E+00	7.92E+00	0.250013
cell_7351	1.74E-01	1.23E-01	7.90E+00	0.250013
cell_7441	3.18E+00	1.86E+00	7.90E+00	0.250013
cell_7444	2.33E+00	2.52E+00	7.90E+00	0.250013
cell_5506	3.74E+00	-1.48E+00	7.90E+00	0.250013
cell_5525	2.28E+00	3.01E+00	7.90E+00	0.250013
cell_5733	5.29E-01	3.06E+00	7.90E+00	0.250013
cell_5918	1.05E+00	2.73E+00	7.89E+00	0.250013
cell_5932	3.72E+00	-1.05E+00	7.88E+00	0.250013
cell_6069	1.40E+00	-5.08E-01	7.88E+00	0.250013
cell_6211	5.27E-01	1.39E+00	7.88E+00	0.250013
cell_6339	2.05E+00	2.15E+00	7.86E+00	0.250013
cell_6426	1.36E+00	1.65E+00	7.86E+00	0.250013
cell_6475	-1.42E-01	4.21E+00	7.86E+00	0.250013
cell_6522	3.37E+00	-3.37E-01	7.82E+00	0.250013
cell_6563	3.28E+00	5.48E-01	7.82E+00	0
cell_6702	8.37E-01	1.90E-01	7.80E+00	0
cell_6805	1.56E+00	7.78E-01	7.79E+00	0
cell_6949	3.39E+00	7.86E-01	7.78E+00	0
cell_7049	4.27E-01	9.43E-01	7.76E+00	0
cell_7287	-6.40E-01	1.80E+00	7.75E+00	0
cell_7339	7.47E-01	1.42E+00	7.75E+00	0
cell_5613	3.39E+00	1.30E+00	7.75E+00	0
cell_6194	2.12E+00	-9.35E-01	7.74E+00	0
cell_7010	1.67E+00	6.28E-01	7.74E+00	0
cell_5470	1.11E+00	-1.70E-01	7.74E+00	0
cell_5517	9.63E-02	9.20E-01	7.74E+00	0
cell_5546	5.47E-01	7.08E-01	7.73E+00	0
cell_5801	1.19E+00	6.16E-01	7.73E+00	0
cell_5868	-9.25E-01	2.04E+00	7.72E+00	0
cell_5884	3.50E+00	1.26E+00	7.71E+00	0
cell_6146	3.56E+00	7.95E-01	7.70E+00	0
cell_6366	1.26E+00	2.50E+00	7.69E+00	0
cell_6373	1.80E+00	5.17E-01	7.68E+00	0
cell_6406	-1.64E+00	3.62E+00	7.65E+00	0
cell_6518	1.20E+00	-9.53E-01	7.65E+00	0
cell_6540	-1.53E+00	3.94E+00	7.64E+00	0
cell_6788	3.75E-01	2.29E+00	7.63E+00	0
cell_6800	8.16E-01	3.68E+00	7.63E+00	0
cell_6863	3.37E+00	-1.33E+00	7.63E+00	0
cell_7037	2.78E+00	2.17E+00	7.62E+00	0
cell_7042	3.34E+00	2.18E-01	7.62E+00	0
cell_7117	-2.96E-01	3.05E+00	7.61E+00	0
cell_7255	-1.36E+00	1.81E+00	7.60E+00	0
cell_7516	3.94E+00	-4.21E-01	7.60E+00	0
cell_7520	1.22E+00	1.37E+00	7.58E+00	0
cell_7591	4.19E+00	-1.74E-01	7.57E+00	0
cell_7603	-1.43E+00	1.91E+00	7.56E+00	0
cell_5466	3.93E-01	2.94E+00	7.56E+00	0
cell_5558	4.76E-02	7.92E-01	7.55E+00	0
cell_5945	2.92E+00	-2.00E+00	7.55E+00	0
cell_6288	2.26E+00	-1.11E+00	7.54E+00	0
cell_6316	-1.32E+00	2.13E+00	7.53E+00	0
cell_6457	-1.81E+00	1.90E+00	7.53E+00	0
cell_7023	-1.70E+00	2.17E+00	7.53E+00	0
cell_7371	-1.30E+00	2.92E+00	7.53E+00	0
cell_7472	2.18E+00	1.83E+00	7.53E+00	0
cell_7507	3.67E+00	1.76E+00	7.52E+00	0
cell_7514	8.73E-01	1.40E+00	7.52E+00	0
cell_6014	1.16E+00	3.33E+00	7.51E+00	0
cell_6169	1.42E+00	1.61E+00	7.51E+00	0
cell_7242	2.58E+00	9.49E-01	7.50E+00	0
